1
2
4
39


0.274357
0.306294 0.202377 0.103346 0.283143 0.371535 0.58575 0.690454 0.748048 0.578038 0.579868 0.611893 0.352629 0.188388 -0.149869 -0.272276 -0.28748 -0.455589 -0.527974 -0.593607 -0.559818 -0.393503 -0.335639 -0.327156 -0.195538 -0.0619346 0.0174577 -0.0535136 0.0649732 0.109073 0.00456652 -0.0705048 -0.267972 -0.406005 -0.596199 -0.57331 -0.497006 -0.4232 -0.15327 0.0333404 
0.449034 0.662363 0.824543 0.968256 0.991989 0.902251 0.82901 0.795253 0.758181 0.605342 0.565459 0.951537 0.775899 0.596862 0.937214 0.875998 0.855407 0.729449 0.703875 0.792896 0.889693 0.819385 0.876548 0.885123 1.14431 1.24649 0.554677 0.874066 0.99821 1.32799 1.25132 1.19885 1.07283 1.03241 0.926547 0.864004 0.807792 0.87832 1.13714 
0.373642
0.498475 0.492057 0.315524 0.205434 0.0612484 -0.0585547 -0.234807 -0.411943 -0.402741 -0.187574 -0.172329 0.0343462 0.180468 0.152151 0.167855 0.104952 0.146045 0.123973 0.107932 0.118193 0.0713822 0.0381589 0.120551 0.127546 0.0424306 0.00235736 -0.394917 -0.454323 -0.257237 -0.133744 -0.0287726 0.152398 0.366365 0.54845 0.483064 0.328983 0.244185 -0.0155484 -0.152518 
0.684212 1.01376 1.27057 1.16012 1.24707 1.24599 1.28498 0.970813 1.04648 1.14728 1.41797 1.34813 1.2027 0.702281 1.00806 0.937028 0.905248 0.983475 1.05273 1.03123 1.01876 1.23143 1.20041 1.09086 0.89617 1.01267 0.66866 0.895326 1.17678 1.02438 1.08932 1.09598 0.970861 0.716095 0.905366 0.972878 1.23646 1.08382 1.18004 
0.131473
-0.503641 -0.624149 -0.570346 -0.608629 -0.474018 -0.310175 -0.275679 -0.339189 -0.465374 -0.427529 -0.12941 0.165984 0.115277 -0.0153649 0.112854 0.21159 0.0945705 0.138244 0.274358 0.280664 0.2435 0.231792 0.0586122 0.0605125 0.0816897 -0.0241899 0.419293 0.674806 0.38327 0.283604 0.144799 -0.157912 -0.282273 -0.198821 0.101553 0.168404 -0.138548 -0.21452 -0.226119 
0.489606 0.35664 0.274853 0.332039 0.697192 0.814899 0.642677 0.575239 0.410401 0.608338 0.980206 0.862354 0.833855 2.0337 1.57631 1.93737 2.02992 1.72194 1.31986 1.05969 1.49635 1.44624 1.028 1.25112 1.31535 1.27951 0.63898 0.64697 0.583246 0.642917 1.02286 0.932395 0.536719 0.685782 0.735923 0.796969 0.883722 0.964464 0.780685 
0.220527
-0.10802 0.210966 0.555276 0.532124 0.479954 0.332855 0.427429 0.421127 0.510358 0.525056 0.138082 -0.427143 -0.535213 -0.0939464 -0.119423 -0.0569409 0.138086 0.282417 0.408292 0.356614 0.203772 0.0963798 0.0302347 -0.0374415 0.0322048 -0.0110488 0.494027 0.267212 0.0393039 0.0278882 -0.021159 0.0642845 -0.00744785 -0.0689072 -0.138323 -0.0270298 0.188784 0.329397 0.320119 
2.04833 1.6078 1.06421 0.928477 0.487613 0.45832 0.432154 0.621672 0.793572 0.757479 0.461449 0.493065 0.705369 0.908306 0.880895 0.951475 0.69285 0.673757 0.728174 0.729385 0.659052 0.485747 0.504779 0.651808 0.743158 0.751494 1.20792 0.901907 0.945505 0.850669 0.697906 0.715223 0.718476 0.671155 0.646907 0.64222 0.494588 0.731825 0.810326 

0.455502
-0.963709 -0.873316 -0.588836 -0.609962 -0.371448 -0.352451 -0.463927 -0.572475 -0.569432 -0.634456 -0.365753 -0.236832 -0.253241 0.0269501 0.076978 0.098085 0.0264139 0.0755776 -0.119053 -0.198892 -0.042448 0.140395 0.185315 0.0788952 0.0104612 0.00636965 0.314118 0.270053 -0.0798045 -0.169056 -0.249642 -0.219091 -0.192179 0.0811966 0.199149 0.0547586 0.00920451 0.144692 0.0320994 
0.387135 0.0367494 0.173292 0.258523 0.22529 0.371041 0.301237 0.285162 0.2563 0.219918 0.386962 0.520042 0.365261 0.933996 0.461271 0.678736 0.690789 0.520173 0.761158 0.633917 0.520185 0.533222 0.758268 0.959349 1.32103 0.84416 1.12018 0.691125 0.916703 0.720449 0.478259 0.660892 0.82274 0.553475 0.550226 0.943454 0.899917 1.12541 0.627224 
0.163586
-0.537806 -0.553387 -0.641779 -0.847506 -0.903753 -0.951657 -0.67497 -0.5091 -0.368997 -0.756196 -0.746084 -0.463016 -0.187477 0.927013 0.776581 -0.178732 0.127812 -0.0721622 -0.345358 -0.903307 -0.516437 0.191737 0.187955 -0.12612 -0.0368581 -0.0364831 0.296577 0.23453 0.198423 0.629641 0.570267 0.761649 0.453598 0.600988 0.330291 0.48344 0.650452 0.638628 0.382103 
0.742538 0.218809 0.103467 0.229783 0.591167 0.626352 0.354764 0.557764 0.697607 0.566541 0.655098 0.806772 1.15492 1.87433 1.14109 0.574104 0.529463 0.925904 0.588791 0.58928 1.37887 1.92152 1.67698 1.42622 1.05491 0.537474 1.38096 0.903316 1.01476 1.21682 1.00327 0.898165 1.16311 1.1845 1.14271 1.15342 0.825087 0.725887 0.751156 
0.218882
-0.160546 -0.496988 -0.680182 -0.394848 -0.318515 -0.619609 -0.709658 -0.149352 0.292276 -0.278129 -0.580593 -0.0890196 0.245088 -0.286772 -0.257656 0.101226 0.178827 -0.0091887 0.326758 0.582565 0.471843 0.0736389 0.0119949 0.0998859 -0.0488665 -0.037436 -0.664979 -0.425336 -0.00559828 -0.420156 -0.330783 -0.0383307 0.372168 -0.146355 -0.290545 -0.0596363 0.167643 -0.171373 -0.313675 
0.160588 0.095773 0.297588 0.193036 0.376855 0.338091 0.651809 0.99435 0.961024 1.18233 1.15923 0.886001 1.53445 1.46709 0.836598 0.507329 0.832699 0.833071 0.716102 0.601915 0.937384 0.882576 1.25482 1.14084 0.689499 1.04017 1.39699 0.84183 0.630602 0.512931 0.55326 0.706366 1.0916 1.42179 1.40782 1.15528 0.860523 0.729378 0.885923 
0.16203
-0.165971 -0.425663 -0.684469 -0.763606 -1.00794 -0.668957 -0.276563 0.316716 0.379168 -0.0737195 0.207782 0.503198 0.242546 -0.483011 -0.17883 0.259964 0.110535 0.237329 0.169799 0.560824 0.0908099 -0.161414 -0.115042 -0.102505 -0.263041 0.0684174 -0.321138 -0.335029 0.175423 0.513683 0.889981 0.365839 -0.153142 -0.637659 -0.62281 -0.61681 -0.879721 -0.750991 0.0883567 
0.154653 0.235365 0.220123 0.442571 0.918906 0.724888 0.468726 0.84325 0.805983 0.920025 0.69771 0.743313 1.26272 0.260156 0.414259 1.07565 1.22808 1.66615 0.76038 0.615666 0.899827 0.955929 1.09246 0.919726 0.620418 0.74378 0.925128 1.31662 0.694184 0.502818 0.751531 0.561842 0.849843 0.576866 0.546492 0.990267 0.595241 0.807616 0.69916 

0.0130154 4.34813 
-6.27744e+066 0.0431722 
