1
5
4
39


0.0655211
-0.696264 -0.720347 -0.0467826 0.495666 0.893828 0.623891 -0.0168428 1.08146 0.966118 0.591977 0.823752 0.0877999 -0.154424 0.567982 0.997635 1.26047 0.653672 0.15892 0.506001 0.170883 0.39358 0.214163 -0.114602 -0.185458 0.247528 -0.00297664 0.571474 0.56214 0.0662912 -0.567131 -0.539261 -0.265879 -0.75984 -0.839993 -0.878287 -0.697125 -0.555847 -0.353801 -0.0324925 
0.124681 0.460436 0.724321 0.802804 0.210444 0.481201 0.678644 0.407736 0.392877 1.7096 0.54198 1.13602 0.951301 1.72695 2.56412 1.24596 1.2 0.783842 1.02436 1.30753 1.42326 1.43828 0.752438 0.829754 1.68407 1.69068 2.45217 2.28221 0.397216 0.874448 1.48579 1.32471 0.629011 0.547926 0.50243 0.564742 0.590547 1.22915 1.12789 
0.40101
-0.676763 -0.751107 -0.0575692 0.775341 0.957868 0.733993 -0.241702 0.256317 0.164144 0.114954 0.0190946 -0.456083 -0.348257 -0.0650996 -0.108194 -0.17785 -0.155793 -0.0678522 0.119892 0.173531 0.266385 0.149372 0.0140669 -0.113151 -0.0899261 -0.0460047 -0.0566841 -0.123183 -0.159878 -0.306938 -0.40317 -0.41223 -0.233563 -0.0894507 0.244536 0.485976 0.7517 0.691769 0.402999 
0.0416968 0.221619 0.736576 0.953684 0.179692 0.443605 0.748194 1.07388 0.921709 1.0045 0.454479 1.03917 1.20169 0.156664 0.36632 1.16427 0.798872 0.731489 1.04858 1.19128 0.908811 1.1857 1.39675 1.25992 1.32987 1.09073 0.390496 0.540288 1.13737 0.740858 0.641195 1.09467 1.11687 0.822746 1.13119 1.23832 0.71957 1.23528 0.992537 
0.40764
-0.720576 -0.880469 -0.255091 0.405315 0.718066 0.144988 -0.592825 -0.0498009 0.484902 0.692817 1.00941 0.658464 0.368982 0.0268354 0.0287923 0.0626183 -0.00213523 -0.135832 -0.279489 -0.13206 -0.241744 -0.292879 -0.0836762 0.0654236 0.0673644 0.0738508 0.0703181 0.142704 -0.0367756 0.0992971 0.331793 0.310864 0.268442 0.268895 0.0570936 -0.262941 -0.631462 -0.529682 -0.298242 
0.00706318 0.0567938 0.480955 0.480485 0.157179 0.77607 0.597157 1.08659 0.672402 0.866133 0.39754 0.772621 0.95404 0.142277 0.268075 0.637928 0.882689 0.972737 1.19952 1.03376 0.842572 1.03443 1.2258 1.32804 1.32353 1.37595 0.372369 0.592406 0.787055 0.696424 0.739386 1.12322 0.929677 0.901142 1.11383 1.11358 0.89227 0.898632 1.20847 
0.12584
-0.634623 -0.638436 0.0324149 0.677985 0.917326 0.428518 -0.70207 0.614029 1.06663 1.13507 0.853258 0.354137 -0.0144741 -0.0653862 -0.275376 -0.40577 0.108111 0.437588 0.545061 0.259605 -0.0230867 0.205257 0.387402 0.271185 0.0244625 0.0554745 -0.100448 0.00934131 0.485711 0.811943 0.419221 0.628671 0.394014 -0.32466 -0.647231 -0.198551 -0.122435 -0.371874 -0.513439 
0.0439683 0.345349 1.06038 0.977124 0.236321 0.654466 0.605182 0.851751 0.5022 0.510918 0.346654 0.492335 1.18298 0.131944 0.296131 0.682386 0.96269 0.82378 1.04726 1.06311 0.870778 0.973455 1.53758 1.62335 1.63134 1.39746 0.524099 0.646322 1.40192 0.90639 1.27247 1.10599 0.9864 0.939898 0.975028 1.38735 1.10302 1.15365 1.4425 

0.745371
0.89602 0.515732 -1.33879 -1.09913 -0.466364 1.11177 1.06001 0.0903817 -0.175471 -0.0690378 0.0232575 0.503004 -0.650317 2.36555 1.69198 -0.593884 -0.557985 -1.50297 -0.140009 0.355149 -0.888633 -0.36221 -0.195703 -0.707073 0.203005 -0.307001 -0.173252 0.150373 0.142004 -0.0241758 -0.0349108 -0.0565854 0.284182 0.235335 0.0935541 -0.0823161 -0.0215432 0.0346685 0.265062 
1.2708 0.87894 0.867368 0.989871 0.782842 0.884687 0.583348 1.78967 0.573252 1.96069 0.749006 0.620467 1.04376 4.17698 4.58832 4.02273 5.87249 1.93934 1.81248 1.80875 1.85222 1.68302 1.64685 0.753762 0.896457 2.22375 11.4049 6.72433 5.29885 5.7819 2.64127 1.89387 1.71824 2.39319 1.66585 1.6498 1.0437 0.974438 1.99298 
0.0454
-0.366318 -0.70533 -1.19216 0.028168 1.05262 1.6142 0.261598 -1.29679 0.943822 2.2453 -0.10004 -1.80064 0.215865 0.54371 0.121997 -0.95878 -0.499703 0.0899101 0.806611 0.77107 -0.632624 1.32415 1.76511 -0.77346 -1.00918 -0.297917 0.543731 0.317676 -0.328812 -1.55172 -0.876447 0.479545 0.272725 -0.298511 -1.44922 -1.17972 0.0336769 1.15784 -0.212126 
0.0528787 0.0585598 0.0351533 0.104993 0.0648624 0.0211966 0.027304 0.336534 0.387843 0.743919 0.0681777 0.129447 0.0397239 0.406677 0.345319 3.0827 0.535218 2.37821 5.39472 0.0924216 7.22696 1.28702 8.51008 0.159735 0.135163 0.319963 3.13655 3.39153 0.46532 2.73133 0.0944732 0.196043 0.444515 0.542096 0.195469 0.0997996 0.506006 0.0545092 0.570929 
0.0454
0.13332 0.385806 -0.810291 -1.28127 0.469373 1.55654 1.07304 0.889827 0.542409 0.614459 0.437595 -0.143439 -0.66597 4.82554 5.44467 -0.269803 -1.74376 -0.553542 1.4406 0.855223 1.37858 -0.209863 -1.39795 1.78188 2.20812 -0.561104 2.47268 -1.0915 -0.744252 0.494751 -0.878284 -0.3156 -0.617008 -0.305029 0.0104221 -0.361769 -0.95521 -0.538827 -0.098776 
0.0774783 0.078148 0.187022 0.0233608 0.0314371 0.101298 0.0117845 0.167011 0.0311014 0.168944 0.0180386 0.118413 0.0535504 0.233448 1.1666 0.11075 0.146009 0.0609098 0.285023 0.100422 2.02915 0.401742 1.39041 0.466368 0.309413 1.16969 2.44086 1.87162 0.320986 0.150076 0.0845597 0.247419 0.16123 0.711787 0.0326679 0.617853 0.0799222 0.115041 0.177621 
0.165784
0.643234 0.774296 -0.835215 -1.88456 -0.278301 1.62217 1.44324 1.06928 0.537057 -0.142749 -0.0290347 0.319661 -0.222073 4.86261 3.45775 -0.331976 -0.754279 -2.20392 0.272434 0.484273 0.511573 -0.367249 -0.798885 -0.649411 0.511305 -0.943892 -0.162992 -2.13275 -0.0874884 1.55856 0.0149932 -0.958006 -1.38065 -1.19182 -0.60367 0.178607 -0.114861 0.00547074 -0.147338 
0.331581 0.569447 0.46817 0.39933 0.366303 0.118906 0.223134 1.11908 0.185699 1.51456 0.353418 1.73368 0.5852 1.38005 4.34133 3.30209 4.16409 0.313113 1.07394 2.32108 1.65492 0.790031 0.47489 0.726762 0.267784 1.05076 4.49259 9.02515 5.89656 1.60121 1.33098 1.44437 1.15705 0.965798 0.267066 0.376414 1.94547 1.97104 1.44742 

0.0451406
1.71058 1.44295 -0.333004 -1.11434 -1.68208 0.0278827 1.05362 -0.357583 -1.68936 -0.433943 -0.761221 0.922979 0.532353 -0.449477 0.129047 0.648136 0.331345 0.395793 -0.548335 -1.16218 0.69894 0.388435 0.303444 -0.0708325 -0.229718 0.210971 -0.108533 0.0352622 0.0581545 0.279562 -0.152232 -0.4621 0.0737992 -0.0766153 0.395109 -0.284015 -0.43887 -1.10327 -0.639106 
0.143545 0.0871435 0.362757 1.47561 0.275952 0.995893 0.201425 0.277578 0.292363 0.871304 0.311234 0.429729 0.415539 0.341439 0.698145 0.250489 0.961788 1.62231 0.170975 0.602747 1.00278 1.28272 1.05326 0.502977 0.192334 0.643474 0.385996 0.896201 0.389268 0.721855 2.38088 0.273552 0.196865 0.781265 0.454709 0.162155 0.708684 0.257168 0.40542 
0.290945
1.5963 1.41634 -0.358121 -0.617608 -1.47118 -0.710661 0.617385 -0.483108 -1.16362 -0.334218 -1.02544 -0.285516 -0.406376 -0.250703 -0.0120016 0.410088 -0.0366 0.116325 -0.172735 -0.523253 -0.000793975 0.121145 -0.24456 -0.113702 -0.130791 -0.0148876 -0.0650054 -0.0117147 -0.0606084 -0.033279 -0.0103508 0.134695 0.00629103 -0.152576 -0.0121493 -0.0252961 0.032994 0.150048 0.168755 
0.183769 0.0494833 1.04124 1.01596 0.201894 1.17886 1.58595 0.412043 0.380035 0.687564 0.295085 0.837514 0.363725 0.248031 0.463612 0.334054 0.518329 0.595388 0.971872 0.558773 0.602847 0.461933 0.680003 0.405708 0.504843 0.552975 0.397666 0.519951 0.395747 0.702991 0.435259 0.391167 0.572331 0.418947 0.358646 0.429022 0.406306 0.442489 0.429467 
0.0170678
2.23227 1.30478 -1.15179 -0.428864 -1.65695 0.838328 1.22764 0.119033 0.58075 -1.02295 -0.00599196 1.57601 -1.1812 -0.540749 0.116073 0.303347 -0.640167 -0.546459 0.303569 0.175769 -0.48468 -0.142824 0.211557 -0.194462 -0.468035 -0.432235 -0.319042 0.0778977 0.109427 -0.363966 -0.222547 0.349422 0.0066858 -1.21563 -0.499609 0.627392 -0.949293 -0.554626 0.181603 
0.0601623 0.00963883 0.137122 0.0674996 0.053183 0.187218 0.1774 0.392916 0.222891 0.203079 0.106448 0.296268 0.111028 0.0988036 0.110446 0.0502569 0.1119 0.118864 0.158801 0.0840707 0.156889 0.118645 0.177541 0.303673 0.229034 0.286791 0.460594 0.339175 0.0931889 0.307182 1.35805 0.983387 0.430238 2.17847 0.0853383 0.0965568 0.16804 0.0853691 0.309314 
0.647745
1.53328 1.44605 -0.0627647 -0.438755 -1.454 -0.450701 0.696922 -0.441986 -0.974084 -0.614512 -1.27264 -0.131664 -0.134615 -0.442371 0.00643684 0.380528 0.312273 0.2077 -0.123625 0.10842 0.119704 -0.0226481 0.0417595 0.0408054 -0.183562 0.058904 -0.128562 -0.0698455 0.00484217 -0.0227986 0.158002 0.0129348 -0.040857 0.173351 0.0596984 0.0607117 0.153487 0.0543341 -0.0392419 
0.274833 0.066835 1.50075 0.692157 0.246711 0.885622 0.759641 0.824797 0.520071 0.794246 0.207271 1.03877 0.503548 0.592664 0.563042 0.851024 0.689348 0.890056 0.682958 0.693202 0.509098 0.593865 0.610122 0.548762 0.681725 0.59495 1.06984 1.25985 0.800819 0.72601 1.32466 0.838671 1.02994 0.755655 0.66272 0.953774 0.770151 0.668362 0.746954 

0.398465
-0.485462 -0.103866 0.964985 0.69878 0.424505 0.218503 0.642883 0.512046 0.395194 0.339077 0.848529 0.256889 0.225522 -0.176625 -0.338817 -0.183454 0.0108186 0.0329533 0.0612553 0.0366297 0.0414956 -0.0288112 0.186905 0.234024 0.0413117 -0.0814052 0.0913533 0.0937974 -0.0646342 -0.157051 0.0980558 0.17791 -0.058322 -0.161214 -0.0224751 -0.0389822 -0.106645 -0.0656308 -0.013812 
0.0240254 0.0691732 0.0544743 0.235368 0.165612 0.558476 0.309828 0.41835 0.191235 0.250492 0.16235 0.220347 0.310411 0.0608519 0.25475 0.416999 0.337376 0.454529 0.652195 1.07871 0.95413 0.721749 0.487559 0.621689 0.437211 0.63415 0.10347 0.212347 0.299748 0.497059 0.442208 0.631629 1.02587 0.973875 0.682819 0.549161 0.536959 0.320331 0.53763 
0.299335
0.00909177 0.799769 1.61847 0.587937 -0.026472 -0.0804377 0.394495 0.28204 -0.14336 -0.676496 -0.673129 -0.583597 -0.152415 -0.529351 -0.873377 -0.455627 -0.051954 0.19386 0.250143 0.16522 0.195203 0.277614 0.257747 0.506945 0.168448 -0.00557097 -0.0316253 -0.319245 -0.322271 0.156544 -0.0185509 -0.353319 -0.287961 -0.143246 0.0247073 0.28639 0.280092 0.0316165 0.0423932 
0.0744749 0.226055 0.227967 0.355309 0.170439 0.46299 0.272576 0.207079 0.193653 0.314599 0.557989 1.097 1.03046 0.156471 0.258728 0.494367 0.514392 0.731085 0.629343 0.438415 0.740616 0.726167 0.567304 1.12783 0.769356 0.5618 0.256833 0.29355 0.477865 0.552388 0.990803 0.579462 0.801278 1.04197 0.740305 0.521586 0.574166 0.884226 0.922451 
0.283307
-0.00240309 0.704039 1.29798 0.47929 -0.0633166 -0.442003 -0.0182942 -0.174678 -0.12748 -0.338889 -0.438076 -0.637988 -0.332479 -0.727755 -0.936334 0.102254 0.246319 0.554568 0.152668 0.0266848 -0.239782 -0.125191 0.2411 0.470671 0.395375 0.0526917 0.218833 0.242944 0.166265 -0.173854 -0.399852 0.0628714 0.225134 0.184656 -0.0291954 -0.350264 -0.47752 -0.189816 0.000869813 
0.0868667 0.253107 0.479949 0.426785 0.137862 0.369238 0.566891 0.388103 0.253083 0.218156 0.487996 0.428347 0.503758 0.226817 0.315319 0.57563 0.259217 0.775996 0.495943 1.08776 0.70864 0.426399 0.416662 0.777124 0.646489 0.808987 0.487872 0.35443 0.928692 0.474527 0.701407 0.544184 0.971601 0.859717 0.644085 0.311471 1.00885 0.62271 0.749426 
0.019255
-0.0351268 0.607299 1.11534 0.209417 0.1973 -0.0291085 0.889296 1.55443 0.71865 0.0414755 0.181607 0.972909 1.01534 -0.423805 -0.903309 -0.938173 0.175125 1.53816 1.44835 0.957274 0.0625783 0.607785 -0.262953 0.317359 0.723133 0.598068 -0.118302 -0.0755099 0.562193 0.291189 -0.624149 -0.752282 -1.25574 -1.88171 -1.50167 -0.773969 -0.32935 -1.17224 -0.720294 
0.0603293 0.280813 0.616886 0.0252607 0.0153193 0.0140085 0.135924 0.0899534 0.269071 1.25783 2.50757 0.317217 0.0580023 0.00564931 0.0139332 0.0729207 0.568028 0.101106 0.136884 0.608142 0.387896 0.0241734 0.0345737 0.124212 0.164664 0.0420532 0.0276241 0.0261589 0.0506423 0.0153613 0.047965 0.606772 0.377777 0.391316 0.573226 0.730814 2.38305 0.035996 0.0303924 

0.257351
-0.538019 -0.414809 0.311734 -0.317207 0.0124656 -0.805878 -0.544272 -0.341514 -0.0115458 0.0945769 0.870985 0.205623 -0.147157 -0.0191733 0.00610538 0.0588779 0.0430349 0.0272862 -0.152461 -0.090605 0.096787 0.0763369 0.0105596 0.175019 0.174812 0.0740768 0.064948 -0.0337609 -0.283396 -0.107142 0.0673411 -0.00324088 -0.134872 0.280867 0.415872 -0.0449143 -0.446655 -0.0510528 0.287742 
0.00484324 0.0260114 0.223165 0.545078 0.184041 0.516443 0.377779 1.02883 0.782921 0.358006 0.317016 0.816419 0.798677 0.0547618 0.189288 0.657773 0.512364 0.824816 0.950616 0.900208 1.11447 1.25653 0.701524 0.838236 0.913943 1.04604 0.107969 0.188791 0.500381 0.568685 0.655001 0.720726 0.983607 1.31685 1.51573 0.870951 0.711135 0.805605 0.81209 
0.312664
-0.639392 -0.701053 -0.108776 -0.288522 0.164354 -0.449326 -0.35708 0.318359 0.382715 -0.466521 -0.156562 -0.320917 0.304147 -0.0665171 -0.15 -0.235676 -0.133818 0.0496449 0.00343285 -0.0809801 0.314897 0.41089 0.187942 -0.0406544 0.132702 0.157014 0.0674382 0.0776736 0.0324352 -0.0106554 0.118508 0.147199 -0.189224 -0.388661 -0.155164 0.225994 0.369076 0.183496 0.0521323 
0.0176461 0.139246 0.316043 0.252496 0.147283 0.606347 0.574139 0.748745 0.711402 0.408318 0.23077 0.447837 1.04596 0.0638676 0.164545 0.646353 0.686221 0.474739 0.736737 0.634493 0.916717 1.05183 1.05585 1.08957 0.857326 1.00213 0.175569 0.252346 0.631688 0.769187 0.624016 0.863187 0.768174 0.80065 1.20624 0.911434 0.674735 0.879852 0.816348 
0.00519423
-0.642426 -0.761338 -0.0398439 0.0086863 -0.0742332 -1.95446 -1.10588 -0.243132 0.106348 -0.313738 -0.337839 0.266594 1.50296 -0.0831615 -0.712424 0.801109 -0.238589 -0.254449 1.23078 0.370939 0.0247887 -1.94706 -1.35491 -0.698655 0.0980173 -0.176537 0.245896 -0.0257505 0.372735 0.30319 0.339622 1.15515 -1.02138 -1.17986 -0.269089 -0.189903 -0.607294 -1.07572 -2.24089 
0.000587319 0.00538717 0.0253004 0.0356634 0.0183321 0.15947 0.0223119 0.0397237 0.0387058 0.0327461 0.0454499 0.0550509 0.156454 0.00428062 0.0380027 0.0576063 0.0446499 0.072111 0.174134 0.0729177 0.0651016 0.210165 0.136647 0.0854386 0.0801607 0.0608198 0.0113585 0.0147762 0.0399022 0.0465696 0.0650952 0.126195 0.132306 0.171679 0.0934455 0.071194 0.0994101 0.136103 0.313392 
0.425009
-0.584783 -0.604957 -0.216771 -0.457644 0.360106 -0.109961 -0.601396 -0.249083 0.38251 -0.00564999 0.22633 0.00152694 0.611458 -0.0706863 -0.163027 -0.162319 -0.0662468 0.0949641 0.0543894 -0.125113 -0.332981 -0.251214 -0.236836 -0.211953 -0.246932 -0.0626579 -0.0413029 0.0483014 0.265027 0.13621 -0.129218 -0.124617 0.333163 0.243986 -0.0766549 -0.148429 0.0362823 -0.0207121 -0.171113 
0.0154503 0.103325 0.270588 0.50881 0.203275 0.712433 0.504559 0.881407 0.721065 0.617724 0.524134 1.02523 1.3092 0.0707122 0.224669 0.618997 0.735465 0.814231 0.993375 0.926818 1.044 1.0112 0.720906 0.882877 0.995491 0.75805 0.138242 0.263538 0.571701 0.714347 0.949567 0.959687 0.562464 0.756371 0.837139 0.926983 1.24656 1.0306 0.884186 

0.0223058 3.81404 -6.27744e+066 -6.27744e+066 -6.27744e+066 
-6.27744e+066 0.143101 2.0149 -6.27744e+066 -6.27744e+066 
-6.27744e+066 -6.27744e+066 0.0327898 3.43399 -6.27744e+066 
-6.27744e+066 -6.27744e+066 -6.27744e+066 0.0588405 2.8622 
-6.27744e+066 -6.27744e+066 -6.27744e+066 -6.27744e+066 0.0303053 
