0.000000000000000000e+00 3.000000000000000000e+00 4.600000000000000000e+01 5.500000000000000000e+01 7.700000000000000000e+01
0.000000000000000000e+00 3.000000000000000000e+00 3.300000000000000000e+01 4.200000000000000000e+01 6.100000000000000000e+01
0.000000000000000000e+00 3.000000000000000000e+00 4.200000000000000000e+01 4.800000000000000000e+01 7.400000000000000000e+01
0.000000000000000000e+00 3.000000000000000000e+00 4.200000000000000000e+01 5.200000000000000000e+01 7.300000000000000000e+01
0.000000000000000000e+00 3.000000000000000000e+00 4.400000000000000000e+01 5.300000000000000000e+01 7.300000000000000000e+01
0.000000000000000000e+00 3.000000000000000000e+00 5.200000000000000000e+01 7.200000000000000000e+01 9.900000000000000000e+01
0.000000000000000000e+00 3.000000000000000000e+00 4.600000000000000000e+01 6.100000000000000000e+01 9.900000000000000000e+01
0.000000000000000000e+00 3.000000000000000000e+00 4.000000000000000000e+01 5.400000000000000000e+01 8.700000000000000000e+01
0.000000000000000000e+00 3.000000000000000000e+00 4.900000000000000000e+01 6.600000000000000000e+01 1.030000000000000000e+02
0.000000000000000000e+00 3.000000000000000000e+00 3.500000000000000000e+01 5.700000000000000000e+01 8.400000000000000000e+01
