0.000000000000000000e+00 3.000000000000000000e+00 3.600000000000000000e+01 6.200000000000000000e+01 8.000000000000000000e+01
0.000000000000000000e+00 3.000000000000000000e+00 4.800000000000000000e+01 7.800000000000000000e+01 9.600000000000000000e+01
0.000000000000000000e+00 3.000000000000000000e+00 5.700000000000000000e+01 8.300000000000000000e+01 1.030000000000000000e+02
0.000000000000000000e+00 3.000000000000000000e+00 6.100000000000000000e+01 8.900000000000000000e+01 1.080000000000000000e+02
0.000000000000000000e+00 3.000000000000000000e+00 4.900000000000000000e+01 7.300000000000000000e+01 9.300000000000000000e+01
0.000000000000000000e+00 3.000000000000000000e+00 4.900000000000000000e+01 7.800000000000000000e+01 1.120000000000000000e+02
0.000000000000000000e+00 3.000000000000000000e+00 5.200000000000000000e+01 8.100000000000000000e+01 1.140000000000000000e+02
0.000000000000000000e+00 3.000000000000000000e+00 6.500000000000000000e+01 9.100000000000000000e+01 1.310000000000000000e+02
0.000000000000000000e+00 3.000000000000000000e+00 4.200000000000000000e+01 6.700000000000000000e+01 1.060000000000000000e+02
0.000000000000000000e+00 2.000000000000000000e+00 4.000000000000000000e+01 6.500000000000000000e+01 1.040000000000000000e+02
