0.000000000000000000e+00 3.000000000000000000e+00 4.600000000000000000e+01 6.900000000000000000e+01 8.500000000000000000e+01
0.000000000000000000e+00 2.000000000000000000e+00 4.200000000000000000e+01 6.600000000000000000e+01 8.300000000000000000e+01
0.000000000000000000e+00 3.000000000000000000e+00 4.600000000000000000e+01 7.000000000000000000e+01 8.500000000000000000e+01
0.000000000000000000e+00 3.000000000000000000e+00 3.700000000000000000e+01 6.200000000000000000e+01 7.700000000000000000e+01
0.000000000000000000e+00 2.000000000000000000e+00 3.300000000000000000e+01 6.300000000000000000e+01 7.500000000000000000e+01
0.000000000000000000e+00 2.000000000000000000e+00 4.500000000000000000e+01 6.800000000000000000e+01 9.600000000000000000e+01
0.000000000000000000e+00 2.000000000000000000e+00 3.900000000000000000e+01 6.900000000000000000e+01 9.400000000000000000e+01
0.000000000000000000e+00 2.000000000000000000e+00 4.900000000000000000e+01 7.600000000000000000e+01 1.040000000000000000e+02
0.000000000000000000e+00 2.000000000000000000e+00 4.500000000000000000e+01 7.100000000000000000e+01 1.070000000000000000e+02
0.000000000000000000e+00 3.000000000000000000e+00 3.800000000000000000e+01 6.700000000000000000e+01 9.400000000000000000e+01
