0.000000000000000000e+00 2.600000000000000000e+01 3.100000000000000000e+01 5.900000000000000000e+01 7.800000000000000000e+01
0.000000000000000000e+00 2.200000000000000000e+01 2.800000000000000000e+01 5.200000000000000000e+01 7.000000000000000000e+01
0.000000000000000000e+00 1.400000000000000000e+01 2.100000000000000000e+01 4.600000000000000000e+01 6.700000000000000000e+01
0.000000000000000000e+00 1.600000000000000000e+01 2.300000000000000000e+01 5.200000000000000000e+01 7.100000000000000000e+01
0.000000000000000000e+00 3.200000000000000000e+01 3.800000000000000000e+01 6.600000000000000000e+01 8.500000000000000000e+01
0.000000000000000000e+00 4.300000000000000000e+01 5.400000000000000000e+01 9.000000000000000000e+01 1.190000000000000000e+02
0.000000000000000000e+00 2.700000000000000000e+01 4.300000000000000000e+01 7.000000000000000000e+01 1.020000000000000000e+02
0.000000000000000000e+00 1.800000000000000000e+01 3.200000000000000000e+01 5.700000000000000000e+01 9.100000000000000000e+01
0.000000000000000000e+00 3.400000000000000000e+01 4.900000000000000000e+01 8.800000000000000000e+01 1.100000000000000000e+02
0.000000000000000000e+00 4.000000000000000000e+01 5.300000000000000000e+01 8.300000000000000000e+01 1.170000000000000000e+02
