24个短的
(0, ':  ', [1, 4, 7, 7])
(1, ':  ', [7, 4, 8, 5])
(2, ':  ', [0, 4, 0, 9])
(3, ':  ', [9, 3, 3, 7])
(4, ':  ', [2, 1, 1, 3])
(5, ':  ', [6, 9, 2, 9])
(6, ':  ', [5, 9, 8, 1])
(7, ':  ', [6, 1, 0, 3])
(8, ':  ', [7, 5, 1, 8])
(9, ':  ', [9, 2, 4, 6])
(10, ':  ', [9, 1, 5, 9])
(11, ':  ', [6, 7, 7, 5])
(12, ':  ', [2, 5, 5, 3])
(13, ':  ', [8, 3, 4, 7])
(14, ':  ', [8, 8, 6, 2])
(15, ':  ', [8, 9, 7, 7])
(16, ':  ', [5, 4, 5, 1])
(17, ':  ', [6, 8, 1, 7])
(18, ':  ', [7, 1, 0, 5])
(19, ':  ', [2, 3, 6, 6])
(20, ':  ', [7, 5, 3, 0])
(21, ':  ', [1, 1, 5, 7])
(22, ':  ', [2, 3, 9, 4])
(23, ':  ', [7, 6, 6, 4])
26个长的
(0, ':  ', [6, 7, 3, 7, 8, 0, 1])
(1, ':  ', [3, 2, 3, 6, 1, 0, 9])
(2, ':  ', [5, 6, 5, 3, 4, 1, 5])
(3, ':  ', [4, 3, 3, 4, 9, 5, 9])
(4, ':  ', [5, 4, 7, 1, 9, 3, 2])
(5, ':  ', [4, 4, 9, 9, 5, 2, 0])
(6, ':  ', [2, 4, 7, 6, 8, 8, 3])
(7, ':  ', [7, 5, 7, 1, 9, 0, 6])
(8, ':  ', [4, 8, 3, 8, 0, 7, 7])
(9, ':  ', [6, 3, 5, 4, 2, 1, 8])
(10, ':  ', [6, 4, 7, 6, 1, 5, 5])
(11, ':  ', [2, 4, 8, 5, 2, 3, 4])
(12, ':  ', [7, 8, 2, 0, 4, 0, 1])
(13, ':  ', [2, 2, 7, 0, 5, 9, 1])
(14, ':  ', [8, 6, 3, 9, 7, 3, 8])
(15, ':  ', [2, 8, 8, 1, 9, 7, 9])！
(16, ':  ', [4, 7, 8, 3, 0, 0, 5])
(17, ':  ', [6, 3, 7, 0, 4, 5, 2])
(18, ':  ', [2, 9, 8, 5, 0, 5, 9])
(19, ':  ', [8, 7, 2, 5, 2, 9, 0])
(20, ':  ', [3, 9, 2, 3, 3, 8, 6])
(21, ':  ', [9, 3, 2, 3, 7, 6, 9])
(22, ':  ', [7, 2, 4, 2, 2, 6, 4])
(23, ':  ', [8, 2, 9, 1, 7, 8, 0])
(24, ':  ', [6, 9, 2, 4, 4, 3, 1])
(25, ':  ', [3, 4, 3, 2, 9, 9, 2])