0.000000000000000000e+00 2.400000000000000000e+01 3.500000000000000000e+01 6.200000000000000000e+01 8.400000000000000000e+01
0.000000000000000000e+00 2.800000000000000000e+01 3.400000000000000000e+01 6.100000000000000000e+01 8.200000000000000000e+01
0.000000000000000000e+00 2.900000000000000000e+01 3.900000000000000000e+01 6.400000000000000000e+01 9.200000000000000000e+01
0.000000000000000000e+00 3.100000000000000000e+01 4.300000000000000000e+01 7.500000000000000000e+01 1.010000000000000000e+02
0.000000000000000000e+00 3.200000000000000000e+01 4.400000000000000000e+01 6.800000000000000000e+01 9.800000000000000000e+01
0.000000000000000000e+00 3.400000000000000000e+01 5.200000000000000000e+01 8.200000000000000000e+01 1.140000000000000000e+02
0.000000000000000000e+00 3.700000000000000000e+01 5.600000000000000000e+01 8.500000000000000000e+01 1.150000000000000000e+02
0.000000000000000000e+00 4.500000000000000000e+01 5.400000000000000000e+01 9.500000000000000000e+01 1.260000000000000000e+02
0.000000000000000000e+00 2.800000000000000000e+01 5.300000000000000000e+01 8.700000000000000000e+01 1.140000000000000000e+02
0.000000000000000000e+00 3.300000000000000000e+01 5.000000000000000000e+01 8.100000000000000000e+01 1.120000000000000000e+02
