0.000000000000000000e+00 2.500000000000000000e+01 3.700000000000000000e+01 8.000000000000000000e+01 9.600000000000000000e+01
0.000000000000000000e+00 2.000000000000000000e+01 3.400000000000000000e+01 6.300000000000000000e+01 8.200000000000000000e+01
0.000000000000000000e+00 2.200000000000000000e+01 3.000000000000000000e+01 6.500000000000000000e+01 8.500000000000000000e+01
0.000000000000000000e+00 2.500000000000000000e+01 3.800000000000000000e+01 8.400000000000000000e+01 9.600000000000000000e+01
0.000000000000000000e+00 2.000000000000000000e+01 3.100000000000000000e+01 5.400000000000000000e+01 6.800000000000000000e+01
0.000000000000000000e+00 3.000000000000000000e+01 5.000000000000000000e+01 7.500000000000000000e+01 1.000000000000000000e+02
0.000000000000000000e+00 2.800000000000000000e+01 4.800000000000000000e+01 7.400000000000000000e+01 9.600000000000000000e+01
0.000000000000000000e+00 2.800000000000000000e+01 5.400000000000000000e+01 7.700000000000000000e+01 1.040000000000000000e+02
0.000000000000000000e+00 4.400000000000000000e+01 6.500000000000000000e+01 8.800000000000000000e+01 1.140000000000000000e+02
0.000000000000000000e+00 3.300000000000000000e+01 5.300000000000000000e+01 7.700000000000000000e+01 1.060000000000000000e+02
