0.000000000000000000e+00 1.900000000000000000e+01 2.700000000000000000e+01 4.200000000000000000e+01 6.000000000000000000e+01
0.000000000000000000e+00 1.900000000000000000e+01 2.700000000000000000e+01 4.300000000000000000e+01 5.700000000000000000e+01
0.000000000000000000e+00 1.800000000000000000e+01 2.900000000000000000e+01 4.100000000000000000e+01 6.100000000000000000e+01
0.000000000000000000e+00 2.100000000000000000e+01 2.700000000000000000e+01 4.800000000000000000e+01 6.700000000000000000e+01
0.000000000000000000e+00 1.800000000000000000e+01 2.400000000000000000e+01 3.900000000000000000e+01 5.400000000000000000e+01
0.000000000000000000e+00 2.600000000000000000e+01 4.000000000000000000e+01 5.500000000000000000e+01 7.400000000000000000e+01
0.000000000000000000e+00 3.300000000000000000e+01 5.000000000000000000e+01 6.500000000000000000e+01 8.200000000000000000e+01
0.000000000000000000e+00 2.800000000000000000e+01 4.000000000000000000e+01 5.300000000000000000e+01 6.900000000000000000e+01
0.000000000000000000e+00 3.100000000000000000e+01 4.600000000000000000e+01 5.900000000000000000e+01 8.600000000000000000e+01
0.000000000000000000e+00 3.100000000000000000e+01 5.200000000000000000e+01 6.400000000000000000e+01 8.300000000000000000e+01
