0.000000000000000000e+00 3.100000000000000000e+01 4.500000000000000000e+01 8.500000000000000000e+01 1.000000000000000000e+02
0.000000000000000000e+00 3.000000000000000000e+01 4.300000000000000000e+01 8.300000000000000000e+01 1.000000000000000000e+02
0.000000000000000000e+00 2.300000000000000000e+01 3.500000000000000000e+01 7.100000000000000000e+01 8.700000000000000000e+01
0.000000000000000000e+00 1.800000000000000000e+01 4.400000000000000000e+01 7.000000000000000000e+01 9.400000000000000000e+01
0.000000000000000000e+00 1.700000000000000000e+01 2.900000000000000000e+01 6.500000000000000000e+01 8.200000000000000000e+01
0.000000000000000000e+00 2.500000000000000000e+01 4.500000000000000000e+01 7.700000000000000000e+01 9.500000000000000000e+01
0.000000000000000000e+00 2.400000000000000000e+01 4.400000000000000000e+01 7.600000000000000000e+01 9.300000000000000000e+01
0.000000000000000000e+00 2.200000000000000000e+01 4.000000000000000000e+01 7.100000000000000000e+01 8.600000000000000000e+01
0.000000000000000000e+00 2.500000000000000000e+01 4.400000000000000000e+01 7.500000000000000000e+01 9.400000000000000000e+01
0.000000000000000000e+00 3.000000000000000000e+01 4.900000000000000000e+01 8.100000000000000000e+01 9.900000000000000000e+01
