0.000000000000000000e+00 1.200000000000000000e+01 3.300000000000000000e+01 5.100000000000000000e+01 7.100000000000000000e+01
0.000000000000000000e+00 1.500000000000000000e+01 3.000000000000000000e+01 4.700000000000000000e+01 6.500000000000000000e+01
0.000000000000000000e+00 1.900000000000000000e+01 2.500000000000000000e+01 4.300000000000000000e+01 6.500000000000000000e+01
0.000000000000000000e+00 1.400000000000000000e+01 2.100000000000000000e+01 3.300000000000000000e+01 6.000000000000000000e+01
0.000000000000000000e+00 1.800000000000000000e+01 2.600000000000000000e+01 4.000000000000000000e+01 6.500000000000000000e+01
0.000000000000000000e+00 3.300000000000000000e+01 3.600000000000000000e+01 5.700000000000000000e+01 8.100000000000000000e+01
0.000000000000000000e+00 3.000000000000000000e+01 3.300000000000000000e+01 5.400000000000000000e+01 8.600000000000000000e+01
0.000000000000000000e+00 4.000000000000000000e+01 4.300000000000000000e+01 6.400000000000000000e+01 9.500000000000000000e+01
0.000000000000000000e+00 4.000000000000000000e+01 4.500000000000000000e+01 6.300000000000000000e+01 9.800000000000000000e+01
0.000000000000000000e+00 3.300000000000000000e+01 3.700000000000000000e+01 5.900000000000000000e+01 8.700000000000000000e+01
