0.000000000000000000e+00 2.600000000000000000e+01 3.500000000000000000e+01 5.900000000000000000e+01 7.700000000000000000e+01
0.000000000000000000e+00 2.300000000000000000e+01 3.100000000000000000e+01 5.600000000000000000e+01 7.000000000000000000e+01
0.000000000000000000e+00 1.200000000000000000e+01 2.100000000000000000e+01 4.400000000000000000e+01 5.900000000000000000e+01
0.000000000000000000e+00 1.600000000000000000e+01 2.300000000000000000e+01 4.400000000000000000e+01 6.600000000000000000e+01
0.000000000000000000e+00 3.000000000000000000e+01 3.800000000000000000e+01 6.300000000000000000e+01 8.300000000000000000e+01
0.000000000000000000e+00 2.900000000000000000e+01 4.200000000000000000e+01 6.600000000000000000e+01 8.100000000000000000e+01
0.000000000000000000e+00 2.300000000000000000e+01 3.800000000000000000e+01 5.800000000000000000e+01 8.300000000000000000e+01
0.000000000000000000e+00 3.700000000000000000e+01 4.700000000000000000e+01 7.000000000000000000e+01 8.800000000000000000e+01
0.000000000000000000e+00 3.100000000000000000e+01 4.200000000000000000e+01 6.800000000000000000e+01 8.700000000000000000e+01
0.000000000000000000e+00 3.100000000000000000e+01 4.200000000000000000e+01 6.700000000000000000e+01 8.600000000000000000e+01
