0.000000000000000000e+00 3.000000000000000000e+00 3.200000000000000000e+01 5.600000000000000000e+01 8.600000000000000000e+01
0.000000000000000000e+00 3.000000000000000000e+00 2.400000000000000000e+01 5.000000000000000000e+01 9.100000000000000000e+01
0.000000000000000000e+00 3.000000000000000000e+00 2.400000000000000000e+01 4.900000000000000000e+01 9.200000000000000000e+01
0.000000000000000000e+00 3.000000000000000000e+00 3.500000000000000000e+01 6.000000000000000000e+01 9.000000000000000000e+01
0.000000000000000000e+00 3.000000000000000000e+00 4.300000000000000000e+01 6.800000000000000000e+01 1.050000000000000000e+02
0.000000000000000000e+00 3.000000000000000000e+00 4.900000000000000000e+01 7.700000000000000000e+01 1.030000000000000000e+02
0.000000000000000000e+00 3.000000000000000000e+00 4.000000000000000000e+01 6.500000000000000000e+01 8.900000000000000000e+01
0.000000000000000000e+00 3.000000000000000000e+00 3.400000000000000000e+01 6.500000000000000000e+01 1.130000000000000000e+02
0.000000000000000000e+00 3.000000000000000000e+00 4.400000000000000000e+01 7.400000000000000000e+01 1.270000000000000000e+02
0.000000000000000000e+00 3.000000000000000000e+00 1.800000000000000000e+01 5.000000000000000000e+01 7.300000000000000000e+01
