0.000000000000000000e+00 3.000000000000000000e+00 4.000000000000000000e+01 7.600000000000000000e+01 7.700000000000000000e+01
0.000000000000000000e+00 3.000000000000000000e+00 4.600000000000000000e+01 8.400000000000000000e+01 8.500000000000000000e+01
0.000000000000000000e+00 3.000000000000000000e+00 5.500000000000000000e+01 9.400000000000000000e+01 9.500000000000000000e+01
0.000000000000000000e+00 3.000000000000000000e+00 5.200000000000000000e+01 8.900000000000000000e+01 9.000000000000000000e+01
0.000000000000000000e+00 3.000000000000000000e+00 5.500000000000000000e+01 1.000000000000000000e+02 1.010000000000000000e+02
0.000000000000000000e+00 2.000000000000000000e+00 4.900000000000000000e+01 5.900000000000000000e+01 9.700000000000000000e+01
0.000000000000000000e+00 2.000000000000000000e+00 5.600000000000000000e+01 6.100000000000000000e+01 1.080000000000000000e+02
0.000000000000000000e+00 3.000000000000000000e+00 5.500000000000000000e+01 6.100000000000000000e+01 1.080000000000000000e+02
0.000000000000000000e+00 2.000000000000000000e+00 5.900000000000000000e+01 7.200000000000000000e+01 1.090000000000000000e+02
0.000000000000000000e+00 3.000000000000000000e+00 6.900000000000000000e+01 7.600000000000000000e+01 1.170000000000000000e+02
