0.000000000000000000e+00 3.000000000000000000e+00 5.900000000000000000e+01 8.400000000000000000e+01 1.140000000000000000e+02
0.000000000000000000e+00 2.000000000000000000e+00 5.400000000000000000e+01 7.600000000000000000e+01 1.010000000000000000e+02
0.000000000000000000e+00 3.000000000000000000e+00 3.900000000000000000e+01 6.400000000000000000e+01 8.500000000000000000e+01
0.000000000000000000e+00 3.000000000000000000e+00 5.600000000000000000e+01 7.700000000000000000e+01 1.040000000000000000e+02
0.000000000000000000e+00 2.000000000000000000e+00 5.700000000000000000e+01 8.000000000000000000e+01 1.090000000000000000e+02
0.000000000000000000e+00 3.000000000000000000e+00 4.300000000000000000e+01 6.300000000000000000e+01 9.300000000000000000e+01
0.000000000000000000e+00 4.000000000000000000e+00 5.000000000000000000e+01 7.100000000000000000e+01 1.050000000000000000e+02
0.000000000000000000e+00 2.000000000000000000e+00 4.800000000000000000e+01 7.100000000000000000e+01 1.050000000000000000e+02
0.000000000000000000e+00 3.000000000000000000e+00 5.600000000000000000e+01 7.800000000000000000e+01 1.080000000000000000e+02
0.000000000000000000e+00 2.000000000000000000e+00 4.600000000000000000e+01 6.700000000000000000e+01 1.000000000000000000e+02
