0.000000000000000000e+00 3.000000000000000000e+00 2.800000000000000000e+01 5.100000000000000000e+01 7.100000000000000000e+01
0.000000000000000000e+00 2.000000000000000000e+00 3.300000000000000000e+01 5.900000000000000000e+01 7.800000000000000000e+01
0.000000000000000000e+00 3.000000000000000000e+00 4.200000000000000000e+01 6.600000000000000000e+01 8.100000000000000000e+01
0.000000000000000000e+00 3.000000000000000000e+00 3.000000000000000000e+01 5.500000000000000000e+01 7.600000000000000000e+01
0.000000000000000000e+00 3.000000000000000000e+00 3.800000000000000000e+01 6.400000000000000000e+01 8.800000000000000000e+01
0.000000000000000000e+00 2.000000000000000000e+00 4.100000000000000000e+01 7.300000000000000000e+01 9.800000000000000000e+01
0.000000000000000000e+00 3.000000000000000000e+00 3.700000000000000000e+01 7.700000000000000000e+01 1.010000000000000000e+02
0.000000000000000000e+00 2.000000000000000000e+00 7.100000000000000000e+01 1.010000000000000000e+02 1.330000000000000000e+02
0.000000000000000000e+00 2.000000000000000000e+00 4.900000000000000000e+01 8.600000000000000000e+01 1.070000000000000000e+02
0.000000000000000000e+00 3.000000000000000000e+00 3.900000000000000000e+01 7.000000000000000000e+01 9.900000000000000000e+01
